from,to
1,2
1,9
2,3
2,10
3,4
3,11
4,5
4,12
5,6
5,13
6,7
6,14
7,8
7,15
8,16
9,10
9,17
10,11
10,18
11,12
11,19
12,13
12,20
13,14
13,21
14,15
14,22
15,16
15,23
16,24
17,18
17,25
18,19
18,26
19,20
19,27
20,21
20,28
21,22
21,29
22,23
22,30
23,31
23,24
24,32
25,26
26,27
27,28
28,29
29,30
30,31
31,32
1,135.4975566,34.6923897
2,135.4977497,34.6915428
3,135.4978356,34.6906959
4,135.4978999,34.6903607
5,135.4979858,34.6899196
6,135.4980931,34.6891786
7,135.4982003,34.688367)
8,135.4982433,34.6877848
9,135.4987368,34.6925132
10,135.4988012,34.6915605
11,135.4987797,34.6907136
12,135.4987797,34.6903784
13,135.4987368,34.6899549
14,135.4988226,34.6891786
15,135.4988012,34.6884199
16,135.498887,34.6877671)
17,135.4998955,34.692672)
18,135.4997238,34.6915252
19,135.4997453,34.6908018
20,135.4997238,34.6903431
21,135.4997024,34.6899549
22,135.4997238,34.6891963
23,135.4997453,34.6885081
24,135.4997668,34.6877495
25,135.5008396,34.6925485
26,135.5008396,34.6915605
27,135.5008182,34.6907136
28,135.5007753,34.6903431
29,135.5008182,34.6899902
30,135.5008182,34.6892315
31,135.5007323,34.6885611
32,135.5007753,34.6877495
