1,135.759671,35.010662
2,135.7597815,35.00977710000001
3,135.7597917,35.008681
4,135.759838,35.007209
5,135.7598211,35.0061845
6,135.7598453,35.0049385
7,135.7599532,35.0038972
8,135.7602346,35.0107013
9,135.7602167,35.0098893
10,135.7610214,35.0106846
11,135.7610267,35.0098806
12,135.7610268,35.0086622
13,135.7610912,35.0073792
14,135.7610912,35.0061489
15,135.7610986,35.003741
16,135.7617209,35.0107888
17,135.7617209,35.0098749
18,135.7624075,35.0107712
19,135.7624719,35.0098573
20,135.7625792,35.0085919
21,135.7625148,35.0073792
22,135.7626006,35.0061841
23,135.7626006,35.0050592
24,135.7625577,35.0037234
25,135.7632015,35.0109118
26,135.7632015,35.0098661
27,135.7632873,35.0086007
28,135.7632658,35.0074232
29,135.7633087,35.0061577
30,135.7632658,35.0050153
31,135.7632444,35.0037322
32,135.7639739,35.0108327
33,135.7639954,35.0098749
34,135.7639739,35.0086447
35,135.7639739,35.0073616
36,135.7640383,35.0062192
37,135.7639525,35.0050241
38,135.7639954,35.003741
39,135.7649824,35.0108415
40,135.7649824,35.009831
41,135.764961,35.0086007
42,135.7649395,35.0073177
43,135.7649395,35.006228
44,135.7648537,35.005068
45,135.7649395,35.0037498
46,135.7657549,35.0108679
47,135.7657764,35.0098222
8,135.7656905,35.0086447
49,135.7657549,35.0073792
50,135.7656476,35.0062544
51,135.7656047,35.0051295
52,135.7655618,35.003741
53,135.766463,35.0108415
54,135.7663986,35.0098661
55,135.766463,35.008671
56,135.7664201,35.0074056
57,135.7663557,35.0062104
58,135.7663986,35.0049801
59,135.7663128,35.0036795
from,to
1,2
1,8
2,3
2,9
3,4
3,12
4,5
4,13
5,6
5,14
6,7
6,23
7,15
8,9
8,10
9,11
10,11
10,16
11,12
11,17
12,13
12,20
13,14
13,21
14,22
14,15
15,24
16,17
16,18
17,19
18,19
18,25
19,20
19,16
20,21
20,27
21,22
21,28
22,23
22,29
23,24
23,30
24,31
25,26
25,32
26,27
26,33
27,28
27,34
28,29
28,35
29,30
29,36
30,31
30,37
31,38
32,33
32,39
33,34
33,40
34,35
34,41
35,36
35,42
36,37
36,43
37,38
37,44
38,45
39,40
39,46
40,41
40,47
41,42
41,48
42,43
42,49
43,44
43,50
44,45
44,51
45,52
46,47
46,53
47,48
47,54
48,49
48,55
49,50
49,56
50,51
50,57
51,52
51,58
52,59
53,54
54,55
55,56
56,57
57,58
58,59
